,Game Date
0,20161025
3,20161026
13,20161027
17,20161028
25,20161029
34,20161030
41,20161031
45,20161101
54,20161102
64,20161103
69,20161104
78,20161105
86,20161106
92,20161107
99,20161108
105,20161109
116,20161110
120,20161111
128,20161112
139,20161113
144,20161114
152,20161115
157,20161116
168,20161117
173,20161118
183,20161119
192,20161120
198,20161121
207,20161122
211,20161123
224,20161125
239,20161126
244,20161127
252,20161128
259,20161129
265,20161130
274,20161201
280,20161202
289,20161203
298,20161204
302,20161205
313,20161206
319,20161207
329,20161208
335,20161209
344,20161210
354,20161211
359,20161212
366,20161213
372,20161214
382,20161215
387,20161216
397,20161217
404,20161218
411,20161219
416,20161220
427,20161221
435,20161222
440,20161223
454,20161225
459,20161226
470,20161227
474,20161228
484,20161229
490,20161230
500,20161231
506,20170101
511,20170102
519,20170103
527,20170104
534,20170105
542,20170106
550,20170107
557,20170108
566,20170109
569,20170110
578,20170111
584,20170112
590,20170113
599,20170114
604,20170115
611,20170116
620,20170117
625,20170118
634,20170119
639,20170120
648,20170121
659,20170122
663,20170123
672,20170124
678,20170125
688,20170126
692,20170127
702,20170128
709,20170129
717,20170130
723,20170131
729,20170201
741,20170202
745,20170203
754,20170204
764,20170205
767,20170206
778,20170207
781,20170208
793,20170209
798,20170210
807,20170211
815,20170212
819,20170213
830,20170214
833,20170215
847,20170216
849,20170223
855,20170224
865,20170225
873,20170226
881,20170227
888,20170228
894,20170301
905,20170302
908,20170303
918,20170304
926,20170305
933,20170306
944,20170307
947,20170308
958,20170309
963,20170310
971,20170311
983,20170312
989,20170313
997,20170314
1002,20170315
1012,20170316
1018,20170317
1026,20170318
1034,20170319
1042,20170320
1049,20170321
1057,20170322
1065,20170323
1070,20170324
1080,20170325
1085,20170326
1095,20170327
1101,20170328
1109,20170329
1119,20170330
1124,20170331
1135,20170401
1140,20170402
1152,20170403
1153,20170404
1164,20170405
1172,20170406
1178,20170407
1187,20170408
1195,20170409
1202,20170410
1211,20170411
1216,20170412
